3844 3855 3847 3849 -120.0 2.5
3879 3882 3884 3886  0.0 0.0
3978 3989 3981 3983 -120.0 2.5
4013 4016 4018 4020  0.0 0.0
4112 4123 4115 4117 -120.0 2.5
4147 4150 4152 4154  0.0 0.0
4246 4257 4249 4251 -120.0 2.5
4281 4284 4286 4288  0.0 0.0
4380 4391 4383 4385 -120.0 2.5
4415 4418 4420 4422  0.0 0.0
4514 4525 4517 4519 -120.0 2.5
4549 4552 4554 4556  0.0 0.0
4648 4659 4651 4653 -120.0 2.5
4683 4686 4688 4690  0.0 0.0
4782 4793 4785 4787 -120.0 2.5
4817 4820 4822 4824  0.0 0.0
4916 4927 4919 4921 -120.0 2.5
4951 4954 4956 4958  0.0 0.0
5050 5061 5053 5055 -120.0 2.5
5085 5088 5090 5092  0.0 0.0
5184 5195 5187 5189 -120.0 2.5
5219 5222 5224 5226  0.0 0.0
5318 5329 5321 5323 -120.0 2.5
5353 5356 5358 5360  0.0 0.0
5452 5463 5455 5457 -120.0 2.5
5487 5490 5492 5494  0.0 0.0
5586 5597 5589 5591 -120.0 2.5
5621 5624 5626 5628  0.0 0.0
5720 5731 5723 5725 -120.0 2.5
5755 5758 5760 5762  0.0 0.0
5854 5865 5857 5859 -120.0 2.5
5889 5892 5894 5896  0.0 0.0
5988 5999 5991 5993 -120.0 2.5
6023 6026 6028 6030  0.0 0.0
6122 6133 6125 6127 -120.0 2.5
6157 6160 6162 6164  0.0 0.0
6256 6267 6259 6261 -120.0 2.5
6291 6294 6296 6298  0.0 0.0
6390 6401 6393 6395 -120.0 2.5
6425 6428 6430 6432  0.0 0.0
6524 6535 6527 6529 -120.0 2.5
6559 6562 6564 6566  0.0 0.0
6658 6669 6661 6663 -120.0 2.5
6693 6696 6698 6700  0.0 0.0
6792 6803 6795 6797 -120.0 2.5
6827 6830 6832 6834  0.0 0.0
6926 6937 6929 6931 -120.0 2.5
6961 6964 6966 6968  0.0 0.0
7060 7071 7063 7065 -120.0 2.5
7095 7098 7100 7102  0.0 0.0
7194 7205 7197 7199 -120.0 2.5
7229 7232 7234 7236  0.0 0.0
7328 7339 7331 7333 -120.0 2.5
7363 7366 7368 7370  0.0 0.0
7462 7473 7465 7467 -120.0 2.5
7497 7500 7502 7504  0.0 0.0
7596 7607 7599 7601 -120.0 2.5
7631 7634 7636 7638  0.0 0.0
7730 7741 7733 7735 -120.0 2.5
7765 7768 7770 7772  0.0 0.0
7864 7875 7867 7869 -120.0 2.5
7899 7902 7904 7906  0.0 0.0
7998 8009 8001 8003 -120.0 2.5
8033 8036 8038 8040  0.0 0.0
8132 8143 8135 8137 -120.0 2.5
8167 8170 8172 8174  0.0 0.0
8266 8277 8269 8271 -120.0 2.5
8301 8304 8306 8308  0.0 0.0
8400 8411 8403 8405 -120.0 2.5
8435 8438 8440 8442  0.0 0.0
8534 8545 8537 8539 -120.0 2.5
8569 8572 8574 8576  0.0 0.0
8668 8679 8671 8673 -120.0 2.5
8703 8706 8708 8710  0.0 0.0
8802 8813 8805 8807 -120.0 2.5
8837 8840 8842 8844  0.0 0.0
8936 8947 8939 8941 -120.0 2.5
8971 8974 8976 8978  0.0 0.0
9070 9081 9073 9075 -120.0 2.5
9105 9108 9110 9112  0.0 0.0
9204 9215 9207 9209 -120.0 2.5
9239 9242 9244 9246  0.0 0.0
9338 9349 9341 9343 -120.0 2.5
9373 9376 9378 9380  0.0 0.0
9472 9483 9475 9477 -120.0 2.5
9507 9510 9512 9514  0.0 0.0
9606 9617 9609 9611 -120.0 2.5
9641 9644 9646 9648  0.0 0.0
9740 9751 9743 9745 -120.0 2.5
9775 9778 9780 9782  0.0 0.0
9874 9885 9877 9879 -120.0 2.5
9909 9912 9914 9916  0.0 0.0
10008 10019 10011 10013 -120.0 2.5
10043 10046 10048 10050  0.0 0.0
10142 10153 10145 10147 -120.0 2.5
10177 10180 10182 10184  0.0 0.0
12644 12655 12647 12649 -120.0 2.5
12679 12682 12684 12686  0.0 0.0
12778 12789 12781 12783 -120.0 2.5
12813 12816 12818 12820  0.0 0.0
12912 12923 12915 12917 -120.0 2.5
12947 12950 12952 12954  0.0 0.0
13046 13057 13049 13051 -120.0 2.5
13081 13084 13086 13088  0.0 0.0
13180 13191 13183 13185 -120.0 2.5
13215 13218 13220 13222  0.0 0.0
13314 13325 13317 13319 -120.0 2.5
13349 13352 13354 13356  0.0 0.0
13448 13459 13451 13453 -120.0 2.5
13483 13486 13488 13490  0.0 0.0
13582 13593 13585 13587 -120.0 2.5
13617 13620 13622 13624  0.0 0.0
13716 13727 13719 13721 -120.0 2.5
13751 13754 13756 13758  0.0 0.0
13850 13861 13853 13855 -120.0 2.5
13885 13888 13890 13892  0.0 0.0
13984 13995 13987 13989 -120.0 2.5
14019 14022 14024 14026  0.0 0.0
14118 14129 14121 14123 -120.0 2.5
14153 14156 14158 14160  0.0 0.0
14252 14263 14255 14257 -120.0 2.5
14287 14290 14292 14294  0.0 0.0
14386 14397 14389 14391 -120.0 2.5
14421 14424 14426 14428  0.0 0.0
14520 14531 14523 14525 -120.0 2.5
14555 14558 14560 14562  0.0 0.0
14654 14665 14657 14659 -120.0 2.5
14689 14692 14694 14696  0.0 0.0
14788 14799 14791 14793 -120.0 2.5
14823 14826 14828 14830  0.0 0.0
14922 14933 14925 14927 -120.0 2.5
14957 14960 14962 14964  0.0 0.0
15056 15067 15059 15061 -120.0 2.5
15091 15094 15096 15098  0.0 0.0
15190 15201 15193 15195 -120.0 2.5
15225 15228 15230 15232  0.0 0.0
15324 15335 15327 15329 -120.0 2.5
15359 15362 15364 15366  0.0 0.0
15458 15469 15461 15463 -120.0 2.5
15493 15496 15498 15500  0.0 0.0
15592 15603 15595 15597 -120.0 2.5
15627 15630 15632 15634  0.0 0.0
15726 15737 15729 15731 -120.0 2.5
15761 15764 15766 15768  0.0 0.0
15860 15871 15863 15865 -120.0 2.5
15895 15898 15900 15902  0.0 0.0
15994 16005 15997 15999 -120.0 2.5
16029 16032 16034 16036  0.0 0.0
16128 16139 16131 16133 -120.0 2.5
16163 16166 16168 16170  0.0 0.0
16262 16273 16265 16267 -120.0 2.5
16297 16300 16302 16304  0.0 0.0
16396 16407 16399 16401 -120.0 2.5
16431 16434 16436 16438  0.0 0.0
16530 16541 16533 16535 -120.0 2.5
16565 16568 16570 16572  0.0 0.0
16664 16675 16667 16669 -120.0 2.5
16699 16702 16704 16706  0.0 0.0
16798 16809 16801 16803 -120.0 2.5
16833 16836 16838 16840  0.0 0.0
16932 16943 16935 16937 -120.0 2.5
16967 16970 16972 16974  0.0 0.0
17066 17077 17069 17071 -120.0 2.5
17101 17104 17106 17108  0.0 0.0
17200 17211 17203 17205 -120.0 2.5
17235 17238 17240 17242  0.0 0.0
17334 17345 17337 17339 -120.0 2.5
17369 17372 17374 17376  0.0 0.0
17468 17479 17471 17473 -120.0 2.5
17503 17506 17508 17510  0.0 0.0
17602 17613 17605 17607 -120.0 2.5
17637 17640 17642 17644  0.0 0.0
17736 17747 17739 17741 -120.0 2.5
17771 17774 17776 17778  0.0 0.0
17870 17881 17873 17875 -120.0 2.5
17905 17908 17910 17912  0.0 0.0
18004 18015 18007 18009 -120.0 2.5
18039 18042 18044 18046  0.0 0.0
18138 18149 18141 18143 -120.0 2.5
18173 18176 18178 18180  0.0 0.0
18272 18283 18275 18277 -120.0 2.5
18307 18310 18312 18314  0.0 0.0
18406 18417 18409 18411 -120.0 2.5
18441 18444 18446 18448  0.0 0.0
18540 18551 18543 18545 -120.0 2.5
18575 18578 18580 18582  0.0 0.0
18674 18685 18677 18679 -120.0 2.5
18709 18712 18714 18716  0.0 0.0
18808 18819 18811 18813 -120.0 2.5
18843 18846 18848 18850  0.0 0.0
18942 18953 18945 18947 -120.0 2.5
18977 18980 18982 18984  0.0 0.0
