1454
1528
1602
1676
1750
1824
1898
1972
2046
2120
2194
2268
2342
2416
2490
2564
2638
2712
2786
2860
2934
3008
3082
3156
3230
3304
3378
3452
3526
3600
3674
3748
3839
3973
4107
4241
4375
4509
4643
4777
4911
5045
5179
5313
5447
5581
5715
5849
5983
6117
6251
6385
6519
6653
6787
6921
7055
7189
7323
7457
7591
7725
7859
7993
8127
8261
8395
8529
8663
8797
8931
9065
9199
9333
9467
9601
9735
9869
10003
10137
10254
10328
10402
10476
10550
10624
10698
10772
10846
10920
10994
11068
11142
11216
11290
11364
11438
11512
11586
11660
11734
11808
11882
11956
12030
12104
12178
12252
12326
12400
12474
12548
12639
12773
12907
13041
13175
13309
13443
13577
13711
13845
13979
14113
14247
14381
14515
14649
14783
14917
15051
15185
15319
15453
15587
15721
15855
15989
16123
16257
16391
16525
16659
16793
16927
17061
17195
17329
17463
17597
17731
17865
17999
18133
18267
18401
18535
18669
18803
18937
